400231
400344
400895
402018
403212
403530
406000
406042
407993
411776
412421
414238
414398
414718
414740
416490
417021
420495
420767
421783
423223
423909
424840
425418
434256
434257
434258
435541
436618
438605
438854
438857
440393
441103
443041
443042
443045
443047
443057
446539
447227
450310
463153
463846
473703
475055
478200
478665
481969
482057
482821
483312
483314
483316
485246
486208
486701
486796
498503
510277
511379
511449
511880
514377
514891
515142
515678
518725
521217
521267
523680
531257
534774
544927
549170
552342
